F=[0.449282604	0.361914253 
0.494462505	0.390101363
0.520259992	0.405634002
0.543341541	0.419195775
0.515071305	0.402542009
0.528088273	0.410268702
0.496861988	0.391563051
0.537257005	0.415651078
0.472819071	0.376757176
0.565176292	0.431740042
0.554467032	0.425621695
0.550620407	0.423408022
0.563840292	0.430980339
0.544482511	0.419858077
0.468310669	0.373941004
0.550059243	0.423084369
0.560029063	0.428807537
0.505570393	0.396838562
0.556427042	0.42674638
0.586320077	0.443629075
0.584769024	0.442765445
0.565207265	0.431757642
0.538247291	0.416229464
0.539015746	0.416677893
0.58676516	0.443876652
0.528957011	0.410780801
0.490669378	0.387783547
0.564713046	0.431476736
0.585173351	0.442990705
0.515421558	0.402751233
0.609981269	0.456638953
0.530192426	0.411508282
0.517948414	0.40425849
0.602567532	0.452595648
0.540979038	0.417822001
0.605494436	0.454195505
0.546289224	0.420905281
0.578672594	0.439357927
0.548735197	0.42232
0.612888266	0.458216208
0.553266342	0.42493163
0.563862179	0.430992793
0.592727476	0.447182569
0.556928723	0.427033898
0.649222313	0.477548077
0.631452022	0.468180973
0.578664166	0.439353202
0.654057136	0.480067943
0.650573957	0.478253769
0.682496834	0.494646369
0.797601501	0.549592027
0.688800472	0.497821916
0.618252351	0.461114602
0.647483353	0.476638764
0.681399867	0.494091708
0.640607859	0.473027998
0.740165582	0.522965079
0.677850757	0.492292994
0.69936978	0.503101639
0.659219988	0.482745358
0.645300918	0.475495315
0.740453909	0.523102602
0.733176936	0.519619575
0.733511252	0.519780147
0.649714931	0.477805383
0.698667346	0.502752479
0.736517371	0.521221577
0.704433655	0.505611511
0.735012266	0.520500423
0.744611738	0.525081343
0.792275698	0.547186844
0.71679629	0.511685831
0.698994657	0.502915207
0.848242884	0.57183339
0.802566545	0.55182278
0.677485034	0.49210728
0.7725047	0.538145189
0.684752151	0.495784817
0.685692869	0.496258918
0.795175933	0.548498206
0.757397032	0.531114667
0.708413096	0.507574991
0.714229719	0.510430927
0.646567142	0.476159034
0.772472895	0.5381305
0.69757807	0.502210544
0.777017429	0.540224719
0.706846069	0.506802743
0.657267931	0.481734661
0.61136537	0.4573905
0.603156803	0.452918122
0.603538592	0.453126953
0.558612371	0.42799776
0.5546179	0.425708344
0.524817849	0.408336874
0.574108778	0.436793412
0.543042808	0.419022244
0.550312877	0.423230676
0.468486476	0.37405106
0.522185794	0.406777532
0.470219869	0.375135135
0.510698542	0.399923746
0.536035454	0.41493683
0.500228472	0.3936079
0.4811723	0.381941583
0.488250227	0.38630071
0.465708641	0.372309859
0.506391027	0.397333333
0.461156496	0.369446009
0.485384245	0.384539336
0.427427868	0.347815557
0.476417277	0.378995702
0.41832403	0.341851066
0.458919164	0.368033671
0.467349957	0.373339252
0.430444014	0.349779676
0.467715027	0.373567986
0.463148572	0.37070087
0.471056422	0.375657649
0.459045493	0.368113502
0.446809939	0.360334528
0.407779527	0.334874495
0.54058937	0.417595101
0.480423456	0.38147858
0.460660177	0.369132976
0.532541739	0.412889211
0.506165897	0.39719764
0.524747703	0.408295369
0.482697966	0.382883815
0.503549508	0.39561841
0.518435612	0.404548664
0.517781954	0.404159314
0.485297792	0.384486125
0.496575099	0.391388471
0.530025615	0.411410107
0.543245048	0.419139729
0.544281086	0.41974121
0.530348652	0.411600213
0.528947245	0.410775047
0.52432224	0.408043567
0.563571702	0.430827486
0.552022258	0.424215752
0.570431402	0.434718477
0.566067383	0.432246188
0.521194408	0.406189128
0.588676816	0.444938753
0.562724404	0.430345023
0.569687404	0.434297753
0.591553061	0.446532951
0.555109459	0.425990573
0.566586368	0.432540767
0.618125791	0.461046397
0.617523114	0.460721484
0.530077191	0.411440464
0.605528693	0.454214203
0.489358016	0.386980183
0.590870674	0.446155143
0.535505725	0.414626823
0.520169394	0.405580152
0.561284332	0.429524088
0.52066797	0.405876441
0.496768139	0.391505946
0.572025666	0.435618968
0.519428153	0.40513938
0.514831778	0.402398884
0.550859159	0.423545668
0.477296456	0.379541436
0.481743165	0.38229431
0.553239284	0.42491607
0.499964892	0.393448046
0.499823555	0.393362311
0.508575963	0.398648684
0.444665428	0.358961286
0.421388296	0.343864723
0.456592341	0.366561486
0.421757312	0.344106802
0.394862155	0.326227091
0.412427946	0.337959103
0.338725675	0.287322072
0.347858452	0.29380117
0.304126603	0.262232543
0.31566069	0.270693131
0.296517855	0.256597646
0.255119081	0.225175774
0.267606757	0.234791365
0.293881526	0.254635208
0.247160924	0.218985001
0.234835779	0.209299311
0.256497306	0.226242921
0.250310317	0.221440855
0.25798017	0.227389447
0.258600526	0.227868592
0.238203885	0.211957995
0.231485668	0.206645934
0.222946228	0.199842126
0.275698051	0.240957912
0.267682713	0.234849485
0.251360226	0.222257842
0.228321626	0.204131753
0.258708475	0.227951939
0.242798374	0.215570341
0.215399434	0.193780656
0.295370639	0.255744314
0.275101014	0.2405046
0.24610187	0.218157425
0.246904073	0.21878437
0.247601242	0.21932882
0.260134467	0.229052089
0.271599416	0.237840491
0.265172674	0.232926515
0.247636373	0.219356245
0.250753826	0.221786076
0.284044685	0.247266992
0.273894958	0.239588054
0.286678216	0.24924673
0.280925753	0.244915604
0.264284099	0.23224461
0.291151964	0.252597909
0.281551091	0.24538764
0.26488972	0.232709438
0.285658046	0.248480443
0.282306298	0.245957313
0.317351827	0.271925446
0.305092885	0.26294509
0.290480052	0.252095552
0.302266136	0.260858673
0.276050704	0.241225543
0.290153618	0.25185137
0.34313366	0.290456632
0.303994195	0.26213485
0.277157506	0.242064892
0.316423519	0.271249255
0.29839469	0.257991581
0.325256391	0.277657872
0.30505681	0.2629185
0.310499804	0.266919532
0.359642155	0.302073969
0.333245328	0.283405628
0.337394485	0.286372731
0.349695933	0.295097606
0.292502673	0.25360675
0.315269409	0.270407711
0.414093682	0.33906097
0.360508894	0.302678627
0.379983305	0.316127174
0.345335049	0.292016895
0.389730059	0.322760336
0.385797055	0.320091505
0.419487229	0.342616179
0.377931324	0.314722439
0.419093397	0.34235723
0.347720928	0.293704044];

