s=[
29.02657
28.62223
30.19631
29.43367
28.40932
29.26366
29.76688
28.24111
28.61587
26.89077
27.90984
27.01261
27.60177
28.41934
29.57948
27.83978
28.68783
29.01214
28.56911
28.86526
28.39313
28.67248
28.17598
28.58761
28.40571
29.18932
28.22913
28.16101
28.45501
30.11315
30.38673
30.6727
30.21049
29.24466
28.43759
29.52571
28.65454
28.93959
28.3655
27.79093
29.88992
29.03543
30.01793
30.17698
29.81871
29.13009
28.93165
27.78531
29.36053
30.13261
27.85892
28.79739
28.50507
28.76664
29.08997
27.75018
27.3662
28.61947
27.88082
29.17912
29.54882
31.39983
29.29195
28.5972
30.5963
27.75667
29.8761
30.27306
28.61483
28.69455
28.8871
28.93819
28.42754
28.09358
28.04945
27.29237
26.32317
26.67336
27.32086
28.62109
29.16248
29.00759
28.17746
28.92234
28.34417
27.9336
30.86876
31.29034
31.3218
32.47412
32.07379
32.66037
33.41053
35.40217
36.38998
34.42668
34.39254
35.68122
34.21867
35.61098
34.50323
37.71223
34.79169
36.18396
36.7918
35.80668
36.09799
36.05354
36.35806
35.91591
35.09879
36.86275
36.04775
35.82249
36.39248
36.77575
36.63977
36.53903
36.89691
35.99755
36.27326
35.1372
35.43737
36.34233
37.01324
35.20004
34.62592
35.05608
34.56625
34.22983
33.74936
34.21392
34.48895
33.87036
33.5774
34.35034
33.74241
33.20591
32.14775
31.5426
31.81084
32.44077
33.15815
32.33767
32.14733
32.65673
33.74962
33.18394
33.17094
31.1683
30.308
30.83979
31.93694
31.16883
29.77407
30.399
32.44242
30.67125
32.54037
31.6287
32.2017
32.52799
31.61561
31.60285
31.11777
31.70721
32.5434
31.62054
31.90776
32.05567
31.82989
32.10543
33.63975
33.66748
34.2671
33.24153
32.61143
35.30673
35.47615
35.88934
36.73685
37.57068
37.5211
37.78563
38.36163
38.60268
37.54471
37.59892
37.86451
37.48898
37.64242
38.12181
38.43392
37.06799
37.68472
37.72645
35.12236
37.07307
37.98232
36.26683
36.30516
37.87513
38.13291
38.38263
37.91376
37.08424
37.56216
36.81829
36.85846
35.84909
37.3052
37.09993
35.437
35.64865
36.98811
35.8509
36.73922
36.06096
36.87253
35.90025
35.97683
36.1892
36.17079
36.57057
36.64019
36.68031
35.77501
36.46678
36.16257
36.99601
36.63085
36.88705
37.16114
36.52414
37.57352
37.05284
37.6235
35.06628
35.44561
36.32164
37.99698
37.86491
36.20029
36.9584
35.37539
34.72547
33.53679
34.27087
36.42584
35.74303
34.89275
35.33034];

theta=[
0.76
0.8091938
0.8555248
0.933756
1.020223
0.9017218
0.962047
0.968347
1.056998
1.153151
1.162706
1.256549
1.008757
1.066075
1.067512
1.084445
1.038511
0.9697739
1.006347
1.057346
1.115996
1.169129
1.11753
1.238066
0.984594
1.009508
1.056437
1.11042
1.066294
1.110252
1.013959
1.143339
1.24005
1.204798
1.257609
1.269199
2.005081
1.147488
1.172051
1.307222
1.257103
1.232908
1.21764
1.337193
1.434537
1.486239
1.596979
1.489312
1.310344
1.400335
1.393227
1.664699
1.645887
1.417407
1.415316
1.550826
1.537517
1.581434
1.679749
1.690575
1.534452
1.558324
1.588309
1.693498
1.769763
1.48298
1.521837
1.663409
1.662409
1.829254
1.812119
1.898495
1.676244
1.712405
1.731809
1.991297
1.774561
1.584461
1.639407
1.606415
1.816698
1.83976
1.716327
1.838492
1.473629
1.416871
1.320053
1.390378
1.317256
1.071398
1.102781
1.005682
1.052741
0.8663965
0.8060415
0.8327112
0.7275164
0.7477958
0.7474217
0.819336
0.7964084
0.772346
0.7450613
0.7382915
0.8257899
0.7840644
0.7555741
0.7475963
0.6832071
0.6947819
0.6784064
0.6916441
0.6815468
0.6384339
0.6663942
0.6953998
0.7381266
0.7429083
0.8088108
0.8244675
0.7308599
0.8103862
0.7979085
0.887015
0.9254651
0.8146573
0.8119107
0.8858624
0.9211416
0.9507498
0.9193233
1.000122
1.012336
0.9943572
1.02637
1.129447
1.117206
1.11899
1.134816
1.213251
1.267242
1.299264
1.283978
1.366727
1.276522
1.26764
1.329732
1.391498
1.404003
1.252216
1.192425
1.243386
1.33284
1.406924
1.355482
1.487719
1.280334
1.32065
1.448919
1.539336
1.487979
1.285676
1.212582
1.204466
1.275638
1.27038
1.236796
1.155348
1.047213
1.073602
1.035508
1.107556
0.9718025
0.858317
0.838005
0.8503138
0.875864
0.8237369
0.7663256
0.6355319
0.4849178
0.4375666
0.4063774
0.4176769
0.3944102
0.3619623
0.3632745
0.3824234
0.3910937
0.401208
0.3977235
0.3989091
0.3862543
0.3978709
0.4030468
0.4381962
0.4535149
0.4372103
0.4372487
0.4488611
0.4626295
0.476252
0.4725147
0.4824248
0.4426873
0.4591163
0.5091178
0.5660537
0.5374584
0.4833898
0.4861832
0.4952869
0.5102443
0.5441412
0.5615242
0.5658172
0.5405834
0.5384045
0.5827723
0.6402797
0.6124108
0.5820572
0.5764185
0.6039932
0.6750152
0.6768249
0.6867515
0.692265
0.6186468
0.6591163
0.6791975
0.7308295
0.7071937
0.6600935
0.6602464
0.7058752
0.7553095
0.7426604
0.7818171
0.8108599
0.7457557
0.7578384
0.7706799
0.9148582
0.8872708
0.8502678
0.8178224
0.8873887
0.9198496
0.9841483
0.9985294
1.009459
];
